1.345261018606103793e-03
2.809525852807138735e-01
3.191758482044681350e-02
2.334369858953836557e-02
7.163057820946690420e-03
1.008327040021768234e-01
2.218959904519086229e-02
1.790954556504399404e-03
2.410848377803987905e-02
5.553494668204175810e-02
1.070115241975570612e-03
1.035103648725134717e-01
1.586099342664368597e-02
8.475854782878633129e-03
3.900595463550901847e-04
5.536190810645971183e-01
2.309648971230011671e-01
1.434390480918501976e-04
3.232767431413111070e-02
2.743299401438975549e-02
4.316281919368788328e-02
7.125340333807023011e-04
4.442498786903570536e-03
1.166470527369573885e-02
1.968294486068186966e-01
2.117654527942106901e-01
3.084605086318480405e-01
4.996352672026279085e-01
8.838479857912996673e-02
1.806159738101948894e-02
5.817443891608571616e-02
9.322244481141694905e-01
9.088465402390843995e-01
1.184552661931463913e-01
2.211412083149074531e-02
1.863738778993916882e-03
9.106357404182637699e-03
5.948833111052948680e-03
7.974686856481968608e-03
1.828373357752431372e-01
2.899327587866304401e-02
1.527045938783285362e-03
8.218927310945678411e-02
5.864564338809951510e-02
3.938580547510042197e-03
2.705464203533894940e-01
1.777602042774648061e-01
1.380299997171569384e-02
2.354079522815697930e-04
1.829586177426345203e-02
9.849039847561155137e-01
9.892535599316478745e-01
9.967745810240553617e-01
5.915429727123030501e-01
7.369979919947995395e-01
4.911358668634465685e-01
6.550490414512170900e-02
5.648508785963793910e-01
9.937047096725366568e-01
9.990880164674728059e-01
7.680310066132602920e-01
9.985995496920915260e-01
9.458781673637169929e-01
8.735717244294599615e-01
2.200671162999908448e-01
9.946606101594502869e-01
9.215890447583146017e-01
9.977110308239248715e-01
9.945679489669071449e-01
4.131849858129565956e-01
9.898966098267091285e-01
9.967219161214702083e-01
9.998249371625789195e-01
9.881765113239272535e-01
7.612642316321778235e-01
7.598659282980512186e-01
9.959116403489884917e-01
9.904456888639011636e-01
9.608702972441264256e-01
9.297029113399565281e-01
2.295480358749373839e-01
9.664733397141833660e-01
6.908506232179336681e-01
8.981950981439288384e-01
9.992210500280838126e-01
9.942491947615279546e-01
9.442409806595566391e-01
9.945723991740106351e-01
9.905588901508273203e-01
7.281471308049172197e-01
9.398187477668865641e-01
9.429751568374847848e-01
4.354567969794383431e-01
9.994614705987161507e-01
9.435173125299964880e-01
8.902726175446850077e-01
9.869587545513984761e-01
9.954498464177435890e-01
9.996325110530533964e-01
9.369800885471957219e-01
