3.847023724564381519e-02
4.586181428539319316e-01
6.485165598729067948e-01
1.269728480925577663e-01
1.515582113951007351e-02
3.052272107209424469e-03
4.909347258828721900e-15
5.881722691107263978e-01
1.437158667045875526e-01
2.221437300205047604e-03
4.825235030460945165e-03
1.530221444505147355e-01
4.410434356261852562e-04
2.507951578743048415e-01
6.871210149707038553e-06
5.985652172788828024e-02
1.561910766185516108e-01
6.519506697087370517e-01
2.461539570642025943e-01
3.054997756098271761e-02
1.039273186291702136e-02
4.176900749592744877e-02
6.210880032495416092e-01
5.630850877019301093e-01
9.785563364493948812e-02
1.862427798954118252e-01
9.089878452428448892e-04
2.953370124563869589e-02
2.773450770660606385e-02
1.667504026130296746e-01
2.350720229298219888e-02
2.060245444910430157e-01
5.140496735528653910e-02
1.509710413653069794e-01
7.692797356350265792e-02
3.506078998286220050e-01
5.036792528327264928e-02
9.633268147294777872e-01
3.854230655163820018e-01
9.807505629589857721e-02
1.784282111595645592e-01
9.371051879102089144e-01
2.315012776054706789e-01
1.135661930608818510e-01
1.191976861887953750e-06
5.941055646764373255e-02
4.426530144107571063e-01
7.138186779963774653e-02
6.138028084876635121e-02
6.344876439933641032e-01
8.145975723731964102e-01
5.227970612519969862e-01
6.070236453599946458e-01
9.139567220113283819e-01
7.768343758969710189e-01
9.938622845733319222e-01
5.969980577429055968e-01
5.604222511841698839e-01
8.856354197998239641e-01
9.127348867817558498e-01
9.616746502781319261e-01
8.744716876055920185e-01
3.452494415354935287e-01
9.902068678996918116e-01
9.349750830406556856e-01
9.729050662057874277e-01
9.460575050311049727e-01
7.606314139881418246e-01
8.000558167860759573e-01
9.410787813010053071e-01
9.953075884702344833e-01
6.920281683081491719e-01
9.081418265093977871e-01
8.714818190728803593e-01
9.475942470223720493e-01
9.375424731197016248e-01
9.908185412779373369e-01
9.263747636071616443e-01
9.895570191815981076e-01
6.040183144683946015e-01
3.051399884504748528e-01
9.946710424822889918e-01
9.009613362722935781e-01
9.867441368237227506e-01
9.012301276875327449e-01
9.656321404095669081e-01
9.693302021129864832e-01
9.135680378546333635e-01
9.356113024874181949e-01
8.652346337417974320e-01
5.955460078088162801e-01
8.233140875810899262e-01
7.916148187307068262e-01
8.243916471427361614e-01
9.214254091554989756e-01
9.422209250135742398e-01
9.649026350028634402e-01
9.255632972428587957e-01
9.461846561210365270e-01
8.293872866124607501e-01
