3.385696443090107643e-01
4.404783208492665803e-02
4.040890408968385999e-02
6.938101220621764598e-02
6.963215565500330273e-02
1.556254781114210506e-01
8.088014882537962469e-02
4.245859116999452926e-03
1.328307238667481849e-01
2.541355798125942422e-02
5.176085100640539366e-02
5.526272436830016732e-02
6.855958558972286010e-02
7.180016165448821486e-02
2.175436110496417608e-02
4.946747792647896991e-01
1.866259543032985219e-02
4.141194467861357420e-02
1.055460393369705985e-01
1.340992133779086298e-02
1.438954186217722420e-02
1.457645207380895147e-01
8.115744575477860934e-02
1.070943395183263924e-01
7.051019239198939685e-03
8.970619614142010673e-03
3.295701510093526632e-02
2.576240607636927638e-01
1.814921006519084126e-02
5.906281370397582497e-01
8.790904326833265392e-02
1.726906859059431157e-02
7.215140057243936249e-03
2.117441981304622398e-02
2.172800685010758681e-01
7.189445501376690029e-02
2.115977199864425840e-01
2.813455742376929636e-01
2.501097040246155756e-02
2.645471431750149455e-02
7.179319580980485227e-02
2.934936980887580676e-02
1.147125293755727089e-02
1.099341547427929028e-01
6.992846479920702962e-02
1.122534665354476408e-01
1.795745804141713961e-02
6.099312416234777511e-03
4.914297811158122725e-02
1.179240974155774557e+00
6.281554456560968502e-02
1.241324764769345945e-01
2.923194988325164903e-02
1.267208109001337069e-01
6.889142145729167110e-02
8.071498465432714806e-03
7.480014020522697538e-02
5.605691680421183432e-02
1.044703603389739027e-01
5.894919591804923670e-02
2.961118684574737259e-02
2.162045993151536644e-02
6.410406266897890060e-01
1.291739737459493664e+00
7.629761551648620577e-01
6.214174836012820169e-01
5.882257278046263416e-01
7.497732010804404323e-01
7.145637897881935707e-01
1.486065240800244602e+00
2.241920240078896676e+00
1.199006576719326533e+00
1.161399174740480156e+00
9.033794972952337021e-01
1.239735234234977446e+00
5.786065143051756232e-01
8.912744590697518898e-01
7.337251019444848144e-01
9.667144155158089447e-01
3.955787814144759440e-01
9.072660801254981422e-01
2.291089819199161770e+00
1.214015285062242100e+00
1.005518294732450801e+00
6.076581902271922520e-01
5.463246169489510695e-01
6.784996661692929143e-01
1.079862403979802821e+00
1.617486525240289685e+00
9.673284793033204432e-01
6.307163622028367778e-01
9.262548748860138792e-01
7.296848536990442335e-01
9.955284824690646683e-01
7.980329913246450024e-01
1.402446162909861460e+00
1.160080402928826748e+00
6.167062849178754913e-01
1.104304512139694161e+00
1.347519835294842760e+00
1.716210363536950334e+00
9.319220829350427504e-01
8.379747556288258403e-01
1.328177276209992819e+00
4.335882015501759112e-01
8.454694998204064227e-01
8.953022689582074145e-01
1.181786501676319601e+00
7.044995540249924248e-01
5.367277916288930584e-01
1.308031755660827411e+00
4.923500686737078968e-01
1.101990633639251094e+00
5.594073994231435476e-01
4.371567057150743674e-01
1.249394913063215817e+00
1.557403084780224045e+00
7.112068589102610305e-01
1.252071637622957034e+00
9.143572903313803568e-01
8.078671707430604698e-01
8.111506839080157016e-01
6.599465546370445468e-01
1.083073589307668838e+00
