1.128717852863854176e-01
-8.786025693915169299e-01
7.544993703392235407e-01
1.593738509299217343e-01
8.569827941419067008e-01
2.765178145561690837e-01
1.616036736974113541e-01
9.298183462833473634e-01
9.919610863884384955e-01
8.816572059579463883e-01
1.029915855922824530e+00
7.787664443968774636e-03
-6.772094280925138321e-01
4.887214401641593042e-01
-1.136473494732257450e-01
6.463822480693828254e-01
4.656894174173606959e-01
7.497799912089337937e-01
-6.528419016380997419e-01
-5.690773717812760424e-01
-2.316783387492904467e-01
-5.682710834109983011e-01
1.281419119115483340e-01
-8.325204969760591212e-01
-9.135833241346569267e-01
-9.108193393917289882e-01
-5.506163770330836371e-01
-5.867420294394598557e-01
-6.133110326870045981e-01
6.808697294488261775e-01
5.097513798250681294e-01
1.059286849160303356e+00
2.015630330419568850e-01
-9.476261440538635838e-02
3.748339123004384987e-01
9.206562367530266577e-01
1.002103904844524607e-01
7.495659541192734032e-01
-4.777620609771986437e-01
6.824872628438525268e-01
-5.201614280871957874e-01
-1.569012063319554784e-01
-2.180318199402293544e-01
-6.130301148404844191e-01
3.688637356452950655e-01
9.357476583852482044e-01
7.394897841500703839e-01
4.497553344918342466e-01
9.203059789569875138e-01
-7.320623763854339217e-01
8.690436292142837971e-01
6.779930309230580709e-01
-9.198633193483551906e-02
-8.598227030310264668e-03
3.110366279470093143e-01
2.677211110196334731e-01
4.473783888281906429e-01
-9.942566653104294438e-01
-5.183727207621284805e-01
1.024491887518094391e+00
1.037869635027309334e+00
-5.483813149382421592e-01
-8.969824662552232653e-01
-2.627921009900227034e-01
8.821609539011125989e-01
5.522054299018765988e-01
8.973083096932605862e-01
-5.584730907395916155e-01
5.350337836173757466e-01
6.607217891340408933e-01
-6.650366892140482378e-01
1.244561016157821887e-01
-8.909614677865924648e-01
9.358778323932215315e-01
7.063108031403277920e-01
5.430135285479027463e-01
2.853690108859806562e-01
-9.478587568488339166e-01
2.328278737470820259e-01
1.147216372604263346e-01
2.116375172029473228e-01
-7.167712665348489054e-01
-9.249301804974798813e-01
5.488539993004621920e-01
-1.932463936693800122e-01
-8.458850707346364795e-01
-2.586093840234600094e-01
7.563953826432570082e-01
9.123295701671354507e-01
-4.993063452183434947e-01
-7.953794783156746817e-01
-3.766062530220892768e-01
8.695184130838864434e-01
3.552748692153857857e-02
1.057574759859913005e+00
2.248451836602640697e-01
-8.763423434979866755e-02
-8.751001842057357649e-01
-9.845812143736618616e-01
6.841048570786312233e-01
-7.645767596787331755e-01
6.308163394192062290e-02
9.130504691890846125e-01
3.061040103096609455e-01
8.013395958833386956e-01
-9.791399262461171205e-01
-5.515919499000054849e-01
-2.704720596421914536e-01
7.546908664750038298e-01
-8.092745005811856629e-01
4.448485282654601747e-02
-8.880827438923439843e-01
4.949296084625425252e-01
6.769527155860630696e-01
-9.128144064480636644e-01
-8.964110229671611307e-01
4.041026092463639863e-01
1.149506285225037061e-01
4.039584051625411121e-03
5.127154094059527267e-01
-4.341715981877314334e-01
1.862092281686744677e-01
2.041879073360419738e-02
-3.285379467959614885e-01
3.055276777709785563e-01
-2.559600306316838214e-01
-4.197806381656068453e-01
5.987961187830561638e-01
-7.943543381173814311e-01
1.053776934988577940e+00
1.783133761898227920e-01
1.554559378537059833e-01
-3.283140269372353259e-01
2.052158582295611211e-01
4.491976060380611924e-02
1.462033375015382164e-01
-9.356877161635757112e-01
-8.247470137352248543e-01
9.102449628588891173e-01
1.026582861134292646e+00
-5.973163230583438121e-01
-9.747447408743683539e-01
7.157163812116749124e-01
8.576152467855893136e-01
-5.514188389485972230e-01
-7.207485272463536319e-01
2.680612294083690728e-01
-7.093745091029495242e-01
-7.591938601529673036e-01
4.082553006714952915e-01
-9.853975605026725759e-01
-7.739555654333223345e-01
4.831726780361300655e-01
5.290849021148780196e-01
9.313304355785283484e-01
-7.190956476990244539e-01
-6.269654025678583764e-01
4.851354575894162302e-01
4.659932890639559844e-01
2.730176336564961725e-01
9.538825963603336788e-02
-2.394386548586435737e-01
9.797815045337974205e-01
6.645270457861665592e-02
6.153249177642940992e-01
-9.317982510047055911e-01
-6.948467575909091920e-01
-3.008789422378512768e-01
9.425318768935464497e-01
-6.724345646839022805e-01
1.627475589276841106e-01
8.861893381975690653e-01
5.126162222079813091e-01
4.574917787587970963e-01
7.819842776826220199e-01
-7.106431986740950890e-01
-1.916562874374712067e-01
7.534745872532716549e-01
-1.344748840049856398e-01
-6.708886636250950275e-01
4.450276657862609064e-02
3.300845806269201432e-01
-6.354322552490216935e-01
7.562689265095414726e-01
2.546356265891489556e-01
-8.420310856714321446e-01
-9.555837796315387322e-01
4.196287920481474032e-01
-6.365406748797077796e-01
2.939017104531866376e-01
7.735346267751843641e-01
-9.718890132747399768e-01
3.302352775880024183e-02
8.225236740300729821e-01
6.862268197774259448e-01
3.015216248422181167e-01
1.364432649846213375e-01
-5.928198080723099395e-01
3.132801851375859314e-01
1.038496552847635090e+00
